0.591348847      0.5908203125      0.591339111328125
0.173140281      0.1728515625      0.173126220703125
0.634471173      0.6337890625      0.63446044921875
0.143642173      0.1435546875      0.14361572265625
0.97182499      0.9716796875      0.9718017578125
0.193716855      0.193359375      0.193695068359375
0.028147848      0.02734375      0.02813720703125
0.4186416      0.41796875      0.41864013671875
0.178155466      0.177734375      0.178131103515625
0.196005064      0.1953125      0.19598388671875
0.668695912      0.66796875      0.668670654296875
0.038943789      0.0380859375      0.0389404296875
0.155036426      0.154296875      0.155029296875
0.691388802      0.6904296875      0.691375732421875
0.713342015      0.712890625      0.71331787109375
0.469494497      0.46875      0.469482421875
0.648771542      0.6484375      0.64874267578125
0.640673579      0.640625      0.640655517578125
0.817158932      0.81640625      0.817138671875
0.448836449      0.4482421875      0.448822021484375
0.973991679      0.9736328125      0.973968505859375
0.475794278      0.4755859375      0.47576904296875
0.614259388      0.6142578125      0.6142578125
0.714277353      0.7138671875      0.714263916015625
0.512215252      0.51171875      0.51220703125
0.49770085      0.4970703125      0.4976806640625
0.342278578      0.341796875      0.342254638671875
0.154082871      0.1533203125      0.154052734375
0.184671788      0.1845703125      0.184661865234375
0.889438289      0.888671875      0.889434814453125
0.084528595      0.083984375      0.084503173828125
0.635282162      0.634765625      0.63525390625
0.964165937      0.9638671875      0.964141845703125
0.461444211      0.4609375      0.46142578125
0.131250389      0.130859375      0.1312255859375
0.927664482      0.9267578125      0.927642822265625
0.90059324      0.900390625      0.90057373046875
0.117508075      0.1171875      0.11749267578125
0.097348545      0.0966796875      0.097320556640625
0.971120868      0.970703125      0.971099853515625
0.81981791      0.8193359375      0.819793701171875
0.824214678      0.8232421875      0.824188232421875
0.556895944      0.556640625      0.556884765625
0.726277244      0.7255859375      0.72625732421875
0.087706699      0.0869140625      0.087677001953125
0.790001398      0.7890625      0.78997802734375
0.68612944      0.685546875      0.686126708984375
0.693292864      0.6923828125      0.693267822265625
0.058309634      0.0576171875      0.05828857421875
0.386424371      0.3857421875      0.38641357421875
0.211147339      0.2109375      0.21112060546875
0.961848062      0.9609375      0.961822509765625
0.992914383      0.9921875      0.992889404296875
0.146543545      0.146484375      0.146514892578125
0.12602909      0.1259765625      0.126007080078125
0.504872619      0.50390625      0.504852294921875
0.855743782      0.85546875      0.855743408203125
0.76885091      0.7685546875      0.768829345703125
0.418313652      0.41796875      0.418304443359375
0.804236456      0.8037109375      0.804229736328125
0.747852598      0.7470703125      0.747833251953125
0.191056958      0.1904296875      0.1910400390625
0.425238474      0.4248046875      0.42523193359375
0.322552165      0.322265625      0.322540283203125
0.653076781      0.65234375      0.653076171875
0.913012828      0.912109375      0.912994384765625
0.878597257      0.8779296875      0.878570556640625
0.794689969      0.7939453125      0.794677734375
0.095767192      0.095703125      0.09576416015625
0.166654769      0.166015625      0.1666259765625
0.359752115      0.359375      0.3597412109375
0.189560122      0.189453125      0.189544677734375
0.205124092      0.205078125      0.205108642578125
0.015704531      0.015625      0.01568603515625
0.291534177      0.291015625      0.29150390625
0.823599967      0.8232421875      0.823577880859375
0.974500525      0.9736328125      0.9744873046875
0.850573328      0.849609375      0.850555419921875
0.742151745      0.7412109375      0.74212646484375
0.370943503      0.3701171875      0.370941162109375
0.467704394      0.466796875      0.467681884765625
0.10900721      0.1083984375      0.108978271484375
0.987524396      0.9873046875      0.987518310546875
0.941657932      0.94140625      0.941650390625
0.055257231      0.0546875      0.05523681640625
0.925026585      0.9248046875      0.925018310546875
0.254482782      0.25390625      0.25445556640625
0.729039      0.728515625      0.729034423828125
0.402795212      0.40234375      0.40277099609375
0.201878817      0.201171875      0.201873779296875
0.0248835      0.0244140625      0.024871826171875
0.540636752      0.5400390625      0.540618896484375
0.64422784      0.6435546875      0.64422607421875
0.313795382      0.3134765625      0.31378173828125
0.769040988      0.7685546875      0.769012451171875
0.392232857      0.3916015625      0.3922119140625
0.44365365      0.443359375      0.443634033203125
0.116659364      0.1162109375      0.11663818359375
0.941112791      0.9404296875      0.94110107421875
0.859227796      0.8583984375      0.859222412109375
